Latitude,Longitude
-21.180962,14.482235
-21.179463,14.493947
-21.186773,14.498802
-21.182683,14.490473
-21.173556,14.507034
-21.175448,14.505331
-21.186843,14.504735
-21.175478,14.507171
-21.171200,14.502859
-21.186999,14.513562
-21.170753,14.505918
-21.172513,14.501392
-21.176455,14.507782
-21.183589,14.499133
-21.180278,14.500077
-21.179301,14.505098
-21.183903,14.505472
-21.180514,14.507870
-21.187812,14.508449
-21.175269,14.502823
-21.171111,14.502763
-21.174724,14.504698
-21.175635,14.504924
-21.169944,14.502011
-21.172828,14.500392
-21.177816,14.493304
-21.166992,14.492070
-21.164151,14.484162
-21.163040,14.479921
-21.167202,14.488599
-21.176551,14.487273
-21.162041,14.489106
-21.164912,14.484433
-21.165412,14.483951
-21.169111,14.484654
-21.161722,14.482073
-21.161712,14.480174
-21.161546,14.485284
-21.160993,14.480969
-21.162107,14.485008
-21.167373,14.477343
-21.164618,14.479054
-21.167929,14.475533
-21.168058,14.478267
-21.168244,14.480518
-21.168040,14.478896
-21.162609,14.475713
-21.164079,14.479525
-21.160528,14.476550
-21.163305,14.472455
-21.176701,14.479562
-21.172019,14.478880
-21.176360,14.469176
-21.163711,14.462290
-21.168612,14.465557
-21.172908,14.471951
-21.172080,14.470499
-21.172299,14.478855
-21.172281,14.473575
-21.177291,14.472938
-21.172307,14.474302
-21.175401,14.476749
-21.172129,14.471070
-21.180755,14.511098
-21.184455,14.493467
-21.181866,14.496651
-21.178719,14.630009
-21.182594,14.634356
-21.185389,14.637823
-21.183041,14.643123
-21.182575,14.642524
-21.185672,14.638117
-21.184887,14.638347
-21.185220,14.614995
-21.185534,14.635839
-21.181510,14.634508
-21.121069,14.488714
-21.132318,14.483766
-21.130639,14.486091
-21.127163,14.471426
-21.126536,14.486010
-21.133077,14.487258
-21.126690,14.472685
-21.115774,14.474853
-21.120022,14.475712
-21.120715,14.476281
-21.115503,14.475188
-21.119420,14.479390
-21.123488,14.474173
-21.120555,14.470706
-21.119022,14.474308
-21.122195,14.479532
-21.118084,14.473085
-21.120633,14.474915
-21.120225,14.479697
-21.113330,14.477304
-21.107677,14.476065
-21.112526,14.469304
-21.110776,14.466889
-21.106753,14.468366
-21.114431,14.470362
-21.114952,14.468964
-21.113052,14.452709
-21.113334,14.461703
-21.110382,14.468103
-21.118981,14.461616
-21.116856,14.457673
-21.123366,14.452036
-21.123167,14.454075
-21.122374,14.454041
-21.115440,14.459215
-21.121321,14.460692
-21.121962,14.456105
-21.169458,14.460581
-21.174672,14.464926
-21.162474,14.454649
-21.166299,14.456723
-21.167474,14.459463
-21.169366,14.445417
-21.161643,14.448487
-21.201028,14.593035
-21.236615,14.589832
-21.241833,14.589618
-21.241267,14.593692
-21.228306,14.594878
-21.231680,14.590702
-21.228975,14.593151
-21.228057,14.593811
-21.232992,14.588667
-21.232884,14.588680
-21.220485,14.591041
-21.220188,14.590152
-21.215687,14.590014
-21.223006,14.586942
-21.209832,14.592342
-21.214429,14.592459
-21.206843,14.588277
-21.212846,14.593777
-21.207101,14.589250
-21.213345,14.594489
-21.207228,14.592239
-21.204483,14.587938
-21.202617,14.586527
-21.210233,14.551446
-21.213238,14.567785
-21.209633,14.582496
-21.210067,14.585231
-21.214254,14.580085
-21.212962,14.585165
-21.208673,14.576837
-21.206554,14.577922
-21.213808,14.578339
-21.211521,14.574920
-21.198329,14.580227
-21.199290,14.583395
-21.203293,14.581287
-21.201875,14.579258
-21.197263,14.575026
-21.199269,14.567090
-21.202289,14.572087
-21.197995,14.569332
-21.202316,14.574346
-21.199021,14.575099
-21.199015,14.575789
-21.208780,14.557792
-21.209618,14.562834
-21.229958,14.584545
-21.220587,14.585486
-21.210657,14.565382
-21.207590,14.559159
-21.198558,14.560723
-21.204655,14.564760
-21.203104,14.565065
-21.222953,14.576915
-21.200688,14.560241
-21.197691,14.556822
-21.194931,14.561836
-21.194890,14.556737
-21.190544,14.548098
-21.192484,14.555769
-21.196348,14.553565
-21.189297,14.566296
-21.193447,14.558697
-21.193122,14.559156
-21.193099,14.565118
-21.194667,14.560531
-21.196667,14.564193
-21.193151,14.565892
-21.191234,14.565702
-21.194414,14.571525
-21.191853,14.574498
-21.195986,14.568928
-21.194453,14.566477
-21.191834,14.568224
-21.189032,14.573019
-21.190100,14.576517
-21.196305,14.581238
-21.191099,14.577055
-21.183339,14.578188
-21.193536,14.582672
-21.196580,14.580714
-21.179442,14.552669
-21.174412,14.542999
-21.171722,14.542755
-21.177000,14.541692
-21.173939,14.546637
-21.185154,14.548398
-21.176394,14.555170
-21.185588,14.550370
-21.179614,14.554066
-21.180147,14.554707
-21.185197,14.553198
-21.185143,14.554911
-21.172979,14.555120
-21.178449,14.553426
-21.176947,14.547739
-21.172389,14.560369
-21.174532,14.553934
-21.175028,14.550845
-21.170330,14.558174
-21.174966,14.565708
-21.176857,14.561841
-21.162532,14.564536
-21.171529,14.561944
-21.174092,14.564228
-21.176727,14.559738
-21.170945,14.565103
-21.178128,14.561286
-21.166215,14.563346
-21.163952,14.560467
-21.167658,14.561506
-21.168022,14.556042
-21.165253,14.548133
-21.156083,14.552100
-21.152956,14.550434
-21.162180,14.553505
-21.159225,14.549880
-21.155838,14.550501
-21.167781,14.558078
-21.152584,14.558651
-21.157449,14.563863
-21.143832,14.547267
-21.169612,14.557813
-21.186842,14.517278
-21.180224,14.514664
-21.180065,14.517230
-21.185302,14.512599
-21.185117,14.511203
-21.186737,14.515762
-21.176437,14.516786
-21.175434,14.514301
-21.177015,14.525118
-21.153996,14.545984
-21.155304,14.545998
-21.153909,14.542127
-21.154902,14.538126
-21.157882,14.542089
-21.161760,14.539308
-21.151903,14.532479
-21.162311,14.528678
-21.165391,14.541692
-21.164301,14.544731
-21.167256,14.546718
-21.160885,14.541929
-21.167960,14.534099
-21.166233,14.536993
-21.169377,14.536465
-21.160806,14.529950
-21.161720,14.530324
-21.167738,14.528911
-21.166287,14.534971
-21.196808,14.522157
-21.201053,14.523552
-21.197735,14.522110
-21.199863,14.525393
-21.199965,14.519879
-21.202149,14.520090
-21.207859,14.527857
-21.208329,14.524114
-21.206494,14.525027
-21.203622,14.524515
-21.198095,14.524732
-21.199998,14.518322
-21.200877,14.522630
-21.201579,14.525614
-21.203164,14.521170
-21.201918,14.518856
-21.199533,14.518410
-21.203028,14.521311
-21.200471,14.525353
-21.198379,14.519116
-21.199859,14.522703
-21.197740,14.534613
-21.199877,14.528340
-21.209755,14.547860
-21.204061,14.541065
-21.210964,14.551280
-21.212687,14.554378
-21.206808,14.546220
-21.219238,14.532480
-21.223022,14.528378
-21.195200,14.528799
-21.196418,14.535870
-21.185443,14.536131
-21.181036,14.536003
-21.196013,14.536886
-21.183436,14.539918
-21.184636,14.538559
-21.179211,14.553998
-21.176921,14.539509
-21.189174,14.526135
-21.084483,14.471151
-21.074694,14.487201
-21.080655,14.499311
-21.084872,14.495855
-21.081034,14.491655
-21.088242,14.493908
-21.084428,14.486791
-21.085181,14.496957
-21.085807,14.494176
-21.087026,14.487354
-21.085328,14.489045
-21.082404,14.492701
-21.094097,14.471832
-21.095248,14.475203
-21.095063,14.473368
-21.097108,14.478582
-21.095098,14.478131
-21.091091,14.487457
-21.095718,14.481861
-21.102014,14.482160
-21.100330,14.486459
-21.098420,14.487294
-21.098323,14.487147
-21.102424,14.498185
-21.097406,14.491660
-21.097507,14.507709
-21.105392,14.489759
-21.098238,14.497539
-21.098535,14.491551
-21.101722,14.491936
-21.102557,14.495310
-21.104699,14.492077
-21.100607,14.504255
-21.094446,14.502648
-21.092226,14.501870
-21.089104,14.491821
-21.089974,14.490467
-21.093155,14.493930
-21.089447,14.494770
-21.090269,14.496250
-21.096584,14.505196
-21.090729,14.500795
-21.092990,14.504784
-21.090747,14.507972
-21.096543,14.512401
-21.089477,14.511888
-21.091930,14.511897
-21.089464,14.512642
-21.097573,14.512535
-21.099613,14.510377
-21.094729,14.510045
-21.102144,14.527532
-21.101500,14.525499
-21.105503,14.524001
-21.098649,14.527965
-21.099500,14.509161
-21.100746,14.512410
-21.097730,14.516915
-21.096321,14.479077
-21.099008,14.464127
-21.104312,14.472341
-21.101594,14.467943
-21.097625,14.467280
-21.097710,14.461022
-21.095509,14.474635
-21.105113,14.470797
-21.105360,14.473898
-21.100156,14.476842
-21.097555,14.475456
-21.114644,14.472373
-21.118136,14.481831
-21.107095,14.493459
-21.112348,14.487311
-21.110981,14.486224
-21.122548,14.499670
-21.118568,14.506886
-21.117523,14.503727
-21.130058,14.503480
-21.110021,14.507610
-21.108449,14.508259
-21.109233,14.508528
-21.112196,14.499643
-21.110374,14.503234
-21.113115,14.516175
-21.110060,14.517962
-21.120028,14.511081
-21.117691,14.532858
-21.121004,14.527831
-21.115953,14.519014
-21.118261,14.521295
-21.119286,14.523510
-21.122337,14.526103
-21.118530,14.520447
-21.117591,14.527790
-21.122659,14.519617
-21.117865,14.518708
-21.115630,14.528184
-21.116239,14.533266
-21.118126,14.536177
-21.117018,14.524587
-21.123699,14.537641
-21.117285,14.533091
-21.122669,14.529101
-21.115929,14.529342
-21.118634,14.534175
-21.124368,14.530464
-21.121937,14.530275
-21.117416,14.544975
-21.121009,14.547145
-21.120829,14.537843
-21.111499,14.538511
-21.122629,14.542875
-21.117820,14.542632
-21.108843,14.543208
-21.111479,14.540119
-21.121703,14.543505
-21.112111,14.540056
-21.108969,14.542103
-21.110671,14.546587
-21.113502,14.542992
-21.130014,14.534963
-21.132431,14.533087
-21.107047,14.531487
-21.113667,14.535550
-21.113676,14.537145
-21.116978,14.536541
-21.119400,14.537261
-21.111797,14.528985
-21.107809,14.534360
-21.112137,14.537032
-21.109694,14.533250
-21.114383,14.547280
-21.108116,14.541091
-21.110597,14.535720
-21.112763,14.532753
-21.114372,14.529295
-21.108627,14.531487
-21.110606,14.544869
-21.110720,14.539149
-21.115059,14.538609
-21.112029,14.533380
-21.114118,14.531957
-21.111675,14.529788
-21.115293,14.537148
-21.111414,14.528978
-21.103532,14.530925
-21.103097,14.534848
-21.103248,14.531595
-21.102900,14.536591
-21.103901,14.535192
-21.103843,14.534348
-21.101830,14.532560
-21.104914,14.531622
-21.098944,14.529706
-21.099166,14.521286
-21.108964,14.522269
-21.115028,14.518939
-21.110009,14.523435
-21.108981,14.521368
-21.108726,14.519598
-21.113905,14.527357
-21.112901,14.518890
-21.107127,14.519848
-21.114288,14.521320
-21.109520,14.525874
-21.105553,14.526166
-21.097396,14.525218
-21.105263,14.526734
-21.098167,14.525803
-21.100120,14.523589
-21.102712,14.522106
-21.101304,14.518695
-21.104296,14.512166
-21.105444,14.510598
-21.118037,14.546392
-21.072972,14.496668
-21.082486,14.506970
-21.087124,14.503116
-21.084615,14.508558
-21.079785,14.503829
-21.086466,14.500179
-21.079484,14.500152
-21.088197,14.502071
-21.075711,14.509033
-21.075720,14.503142
-21.071767,14.501070
-21.076795,14.509636
-21.078845,14.517023
-21.073541,14.512807
-21.054913,14.519320
-21.054232,14.515662
-21.082953,14.516650
-21.084647,14.509893
-21.080818,14.517458
-21.090201,14.502146
-21.094376,14.504860
-21.075606,14.507059
-21.084365,14.529584
-21.086406,14.524291
-21.086444,14.527897
-21.082571,14.528174
-21.087032,14.521550
-21.086430,14.523239
-21.085817,14.525398
-21.070662,14.524252
-21.072241,14.519186
-21.067457,14.520306
-21.073979,14.520166
-21.054340,14.510119
-21.073216,14.525473
-21.077081,14.520586
-21.073958,14.525504
-21.074247,14.520046
-21.074846,14.535824
-21.076463,14.521130
-21.079325,14.537897
-21.085024,14.526487
-21.083216,14.532957
-21.084272,14.533232
-21.083278,14.533130
-21.079496,14.528858
-21.077238,14.541123
-21.071833,14.528391
-21.077883,14.532203
-21.039166,14.511717
-21.035936,14.514403
-21.035107,14.512317
-21.041107,14.518096
-21.085036,14.529806
-21.061420,14.502426
-21.073163,14.495582
-21.147596,14.561883
-21.151457,14.574665
-21.146457,14.549071
-21.146252,14.557074
-21.162511,14.481662
-21.174146,14.510269
-21.170713,14.507272
-21.170546,14.511895
-21.163974,14.512538
-21.151537,14.495070
-21.159610,14.493171
-21.151877,14.493623
-21.155456,14.495545
-21.157799,14.494898
-21.155279,14.498493
-21.153943,14.496153
-21.161961,14.506225
-21.165191,14.503572
-21.162098,14.501717
-21.173947,14.512936
-21.162816,14.511772
-21.165053,14.517441
-21.165607,14.510360
-21.163878,14.510739
-21.166540,14.516982
-21.160994,14.512953
-21.163025,14.512637
-21.162393,14.510521
-21.162297,14.513647
-21.154284,14.507475
-21.154334,14.513770
-21.152534,14.508882
-21.157573,14.518378
-21.159741,14.510146
-21.159106,14.509105
-21.152789,14.509879
-21.157194,14.525919
-21.151629,14.510209
-21.161534,14.520395
-21.160604,14.510134
-21.163637,14.509468
-21.148840,14.527496
-21.155832,14.512504
-21.150526,14.509904
-21.147313,14.517392
-21.154724,14.516129
-21.159317,14.513683
-21.151750,14.510782
-21.155849,14.518036
-21.150090,14.525612
-21.151580,14.521827
-21.152686,14.522236
-21.157945,14.524448
-21.155099,14.522638
-21.155594,14.520562
-21.156424,14.522646
-21.155553,14.524830
-21.152991,14.520004
-21.154721,14.520332
-21.159671,14.520893
-21.154422,14.522121
-21.144688,14.524152
-21.145354,14.521684
-21.146364,14.527716
-21.148476,14.524224
-21.150767,14.532064
-21.145365,14.528242
-21.148782,14.529920
-21.135779,14.533171
-21.137103,14.531675
-21.134150,14.534541
-21.135437,14.532403
-21.140779,14.536442
-21.134403,14.528564
-21.130333,14.534590
-21.129960,14.536233
-21.127282,14.534926
-21.128061,14.531594
-21.133591,14.546142
-21.127721,14.546538
-21.139654,14.546338
-21.134657,14.542025
-21.137363,14.544408
-21.136331,14.546888
-21.134335,14.538732
-21.140269,14.541198
-21.132858,14.545782
-21.127997,14.544656
-21.131882,14.538682
-21.126994,14.540835
-21.133148,14.545926
-21.130134,14.538978
-21.126210,14.541360
-21.126612,14.547621
-21.128967,14.548363
-21.129922,14.553194
-21.129945,14.552652
-21.133350,14.555538
-21.129811,14.557795
-21.131784,14.548996
-21.131601,14.562354
-21.128923,14.558034
-21.133455,14.562654
-21.131331,14.565869
-21.124948,14.563329
-21.125898,14.565012
-21.125810,14.564003
-21.125509,14.557471
-21.124706,14.559439
-21.131618,14.562394
-21.132453,14.563160
-21.126730,14.561979
-21.120402,14.563178
-21.122885,14.552802
-21.118743,14.539724
-21.119948,14.546708
-21.116919,14.540778
-21.132260,14.534953
-21.125304,14.532751
-21.137751,14.536249
-21.140753,14.526883
-21.138505,14.515199
-21.140866,14.520595
-21.125974,14.526757
-21.134735,14.514141
-21.135417,14.513159
-21.138043,14.513638
-21.138917,14.516175
-21.137969,14.510373
-21.145269,14.514143
-21.150612,14.511000
-21.142932,14.511244
-21.134632,14.517104
-21.140651,14.509933
-21.148089,14.516875
-21.148112,14.514944
-21.146540,14.512058
-21.148590,14.515101
-21.147424,14.517494
-21.148680,14.511630
-21.139178,14.514212
-21.134666,14.507571
-21.138077,14.502632
-21.149851,14.502575
-21.149250,14.489191
-21.153947,14.503787
-21.153604,14.513371
-21.150285,14.502525
-21.145150,14.501450
-21.149165,14.500989
-21.149012,14.506540
-21.148323,14.503691
-21.143789,14.506218
-21.151065,14.507526
-21.141465,14.502837
-21.128881,14.499360
-21.129897,14.505500
-21.131831,14.505174
-21.126419,14.500027
-21.125038,14.500211
-21.127472,14.490247
-21.131147,14.492974
-21.129112,14.498421
-21.124638,14.504442
-21.129334,14.490984
-21.130429,14.497222
-21.132093,14.498748
-21.129249,14.489635
-21.131800,14.496692
-21.124858,14.491499
-21.127938,14.494259
-21.132826,14.494533
-21.126524,14.498242
-21.131997,14.489310
-21.132515,14.480116
-21.129522,14.484322
-21.133744,14.498426
-21.139979,14.482035
-21.129289,14.487381
-21.139743,14.485088
-21.115997,14.452645
-21.130842,14.448973
-21.145579,14.488247
-21.145336,14.485369
-21.149729,14.488081
-21.148427,14.470340
-21.191349,14.595098
-21.192370,14.594151
-21.195283,14.594319
-21.191418,14.603776
-21.194404,14.601177
-21.190098,14.603003
-21.195561,14.599318
-21.192187,14.596101
-21.195646,14.593445
-21.181510,14.604849
-21.183606,14.598012
-21.181511,14.612304
-21.184408,14.609464
-21.181331,14.606522
-21.183993,14.605328
-21.181047,14.613871
-21.186972,14.614106
-21.187487,14.613996
-21.183596,14.610137
-21.182494,14.622104
-21.196391,14.596217
-21.192597,14.601159
-21.189146,14.600935
-21.189990,14.604616
-21.190053,14.603080
-21.205633,14.601845
-21.193184,14.599148
-21.194466,14.600993
-21.190974,14.613783
-21.190774,14.607257
-21.073291,14.482001
-21.077749,14.483256
-21.063418,14.488895
-21.067404,14.483115
-21.074655,14.495360
-21.078288,14.492252
-21.206900,14.587483
-21.201930,14.595167
-21.205026,14.592215
-21.066272,14.477004
-21.072187,14.477265
-21.075852,14.476372
-21.075039,14.479769
-21.080233,14.539795
-21.084440,14.555381
-21.079616,14.554281
-21.081764,14.559256
-21.081798,14.562779
-21.082486,14.561354
-21.081165,14.566047
-21.082008,14.563289
-21.080591,14.559025
-21.082403,14.558330
-21.081035,14.564794
-21.086985,14.565869
-21.087760,14.563605
-21.084454,14.563651
-21.085754,14.564969
-21.079660,14.564306
-21.078820,14.559817
-21.073252,14.559193
-21.075731,14.557806
-21.057058,14.565289
-21.070421,14.571115
-21.013125,14.554326
-21.076830,14.568924
-21.073356,14.574085
-21.074860,14.569663
-21.073888,14.569094
-21.075710,14.576326
-21.077266,14.571982
-21.038607,14.566514
-21.039709,14.560263
-21.042148,14.560401
-21.046481,14.561748
-21.036959,14.561682
-21.067577,14.553061
-21.065912,14.549578
-21.066523,14.550049
-21.066884,14.553865
-21.077713,14.553765
-21.085497,14.569648
-21.082279,14.567846
-21.085183,14.572164
-21.084203,14.570730
-21.071277,14.570165
-21.075429,14.569998
-21.082254,14.573081
-21.070637,14.576316
-21.087159,14.574990
-21.079584,14.574845
-21.081010,14.575379
-21.079441,14.558211
-21.089857,14.559390
-21.094760,14.566461
-21.095686,14.564684
-21.092694,14.563800
-21.088737,14.563197
-21.093039,14.550535
-21.094892,14.550360
-21.093537,14.553593
-21.094420,14.556340
-21.094959,14.555824
-21.103057,14.551093
-21.106325,14.559700
-21.100443,14.562041
-21.101485,14.568702
-21.098590,14.571843
-21.080505,14.575299
-21.076693,14.572468 